0 0.3472041612483745 0.3836150845253576 0.5175552665799741 0.3836150845253576 0.5175552665799741 0.5513654096228869 0.3472041612483745 0.5513654096228869
2 0.39531859557867366 0.21326397919375814 0.5552665799739922 0.21326397919375814 0.5552665799739922 0.38231469440832255 0.39531859557867366 0.38231469440832255
2 0.24057217165149541 0.21846553966189858 0.3940182054616385 0.21846553966189858 0.3940182054616385 0.40832249674902477 0.24057217165149541 0.40832249674902477
2 0.13263979193758127 0.36931079323797145 0.3094928478543563 0.36931079323797145 0.3094928478543563 0.551365409622887 0.13263979193758127 0.551365409622887
2 0.19895968790637192 0.5305591677503251 0.38751625487646296 0.5305591677503251 0.38751625487646296 0.7399219765929779 0.19895968790637192 0.7399219765929779
2 0.39271781534460337 0.577373211963589 0.5630689206762028 0.577373211963589 0.5630689206762028 0.7919375812743823 0.39271781534460337 0.7919375812743823
0 0.8361508452535759 0.6618985695708713 0.9999999999999998 0.6618985695708713 0.9999999999999998 0.8881664499349805 0.8361508452535759 0.8881664499349805
3 0.9245773732119634 0.46684005201560475 1.0 0.46684005201560475 1.0 0.6749024707412224 0.9245773732119634 0.6749024707412224
1 0.7958387516254866 0.0 0.9999999999999989 0.0 0.9999999999999989 0.46293888166449937 0.7958387516254866 0.46293888166449937
0 0.9206762028608584 0.893368010403121 1.0 0.893368010403121 1.0 1.0 0.9206762028608584 1.0
